.Random.seed <-
c(403L, 10L, 1501595718L, 660145872L, -940076813L, -1325070831L, 
2131820608L, -1419197410L, 373027561L, 1019889691L, 516276266L, 
1041367884L, -129871601L, -1735793595L, -163043844L, 894616658L, 
-994245171L, 1113388935L, -254483858L, -1944653240L, -1172003765L, 
833721769L, -1991776008L, 163335206L, 1628179777L, -1299473709L, 
-98106750L, -755947340L, -624547785L, -1515152595L, -370749372L, 
-612237974L, -2094544427L, -1535942801L, 726378102L, 497150368L, 
852962915L, 415061761L, 69224048L, 1106895374L, 926182009L, -1058540021L, 
1787471674L, 1917189692L, -1895979649L, -1186593067L, 1898170092L, 
-472426430L, 294649757L, 2007723543L, 293450622L, -249183944L, 
-1294946789L, -1917472903L, -460891704L, -2023315978L, 1503143985L, 
-2044312989L, -502956494L, 79883140L, 1835354567L, -401334115L, 
-1156794348L, -1461293382L, -1272504571L, 481479903L, 1298660710L, 
-115836688L, -1866220525L, 1910813105L, -1292456864L, 697272830L, 
-2044473975L, 1249888955L, -1825286518L, -1853357716L, 1045173999L, 
-15199963L, 1383083996L, 248708530L, -337228627L, 1486089319L, 
658731918L, -1425386392L, -685404053L, -1158243831L, -190864232L, 
1125775302L, -989017311L, -1890662477L, -700862686L, -1854537452L, 
-311447145L, -2052165235L, 721205412L, -1448488310L, -2022471435L, 
-2045804721L, 1394616406L, -1329605888L, -2077096381L, -1694327327L, 
948136272L, 1970495406L, 1549260121L, -1727188117L, 1078719194L, 
996418460L, -611606625L, -792812043L, -1748662132L, -921597598L, 
1264256317L, -934722121L, -1045458338L, 289436568L, 1576246011L, 
-148860263L, 760470312L, -1290991146L, 1515058769L, 784692483L, 
-525670254L, 1577573924L, 1710178535L, -2013358787L, -849858124L, 
-1892512230L, -1602556571L, 1483150335L, -226348410L, -1024085488L, 
-109688653L, -1239399599L, 1034891008L, 335674846L, 1672267305L, 
249687515L, -1583566102L, 612278412L, 915001295L, 1596065669L, 
417113148L, 1488864530L, -99659251L, -565237433L, 443562798L, 
1454593672L, 856186763L, 1212157801L, 276169016L, -316752922L, 
671492993L, -1570143469L, -1314706238L, 412190580L, 662317943L, 
1161063533L, -828177660L, 9984554L, -1227409515L, -755499985L, 
-563194570L, -1327473312L, 111319971L, -274416447L, 614694064L, 
-209167410L, -663535815L, 2096652107L, -1067225862L, 599356924L, 
-104405441L, 409574165L, -1241384916L, -1390384894L, 1256276445L, 
-264527657L, -1016190018L, 268967416L, 1040501211L, -2123315143L, 
-95850104L, 479796534L, -1737726095L, -183331421L, 280758514L, 
1482945604L, -2033946873L, -794288419L, -315547692L, 85754L, 
-70938043L, 1618346655L, 1601269798L, 1730188464L, 527873363L, 
2007560305L, 521227680L, -441597634L, 1992077385L, -359533317L, 
-666133302L, -262561236L, -568633809L, 1356044005L, -1302881380L, 
-802198030L, -981878675L, 139481511L, 874570702L, 2016577832L, 
1113062187L, 687003977L, -56947112L, 1594752774L, -1434866975L, 
1246404211L, 945604322L, 1501985364L, 11633495L, -208771251L, 
247888612L, -1349827894L, 70409013L, -940486257L, 1035363990L, 
1144735296L, -1772175613L, -10666752L, 1395573180L, 2122845520L, 
-885114590L, -2067561912L, -1689261044L, -1153088932L, 1009022418L, 
-1837179392L, 296292692L, 1805276392L, -284911366L, 1193345744L, 
394481452L, 215330036L, 662111634L, 1481423200L, -188676084L, 
364955872L, 1860396642L, 802607272L, 198010956L, -1344718980L, 
-1781289678L, 393453168L, -1698035900L, 1258949592L, -240955526L, 
451810352L, -948674628L, 383859284L, -645570494L, -1395525984L, 
1285982908L, -1915660336L, 1539512674L, -643155224L, 211637452L, 
-477304324L, -1662467598L, -2055053184L, 1234222580L, 368409224L, 
-1235183814L, -1055815344L, -515028884L, -1328020076L, 844708946L, 
-1425317408L, -2007613236L, 1255434912L, -2131533438L, 1958647016L, 
-1721632020L, -1975131844L, -1143800718L, 867819120L, 694429220L, 
-523358152L, -1989470950L, 1545122000L, -2104345284L, 1472536468L, 
1434675074L, -642138176L, -923685316L, 1732137360L, 477185058L, 
1071579400L, 53548172L, 1497342748L, 104169618L, 760648064L, 
-509260780L, -1981118680L, -449892806L, -2132180528L, 1313542508L, 
1271467956L, 1488332306L, -364129312L, -1096960564L, 1821648096L, 
-851191774L, 1060781864L, 676726284L, 1813093180L, -1308648462L, 
516305648L, -869252540L, 832173656L, -1285136582L, -2070430736L, 
-1222013252L, 332770580L, -508604222L, -954882976L, -2085293700L, 
1310482384L, -498292446L, -258277720L, 93553548L, -1371577156L, 
-2077866190L, -598805952L, 357239988L, 316073032L, -1414192710L, 
1827851792L, -336811796L, -760897196L, -795140334L, 823580064L, 
896625356L, -1776966048L, -1521819710L, -2043413720L, -822356564L, 
-2027947716L, 1994352498L, 1273223472L, 1300385572L, -944378568L, 
-826004774L, 1273096080L, -2055785732L, 2015866772L, 959109186L, 
1105935616L, -1532824516L, 149001552L, -1152169822L, -1945536696L, 
175542028L, -1813386532L, 786389842L, 9577088L, 691554388L, -873327640L, 
650995450L, -1342729904L, 491907884L, 2013417332L, -984929390L, 
-1706516896L, 613973900L, -324410528L, 1064435682L, -1514070104L, 
-759782196L, -1821471236L, -1663867982L, 1896124912L, 1514222020L, 
-278159016L, 823559546L, 961175984L, 342372284L, 1606631508L, 
-693009470L, 126262304L, -480633668L, -588201392L, -1720399902L, 
-872567192L, -72992180L, 149037308L, 1374179314L, 1845761280L, 
2035879796L, 1179471880L, 1564954042L, 1897825744L, -1229063188L, 
-478457964L, -402824238L, 2138109792L, 1383730508L, -1209467616L, 
-458693758L, 391070440L, 748070124L, 1132802620L, -1743957134L, 
-806393232L, 200294436L, 2115800888L, -396053350L, 1055480528L, 
2074986684L, 821180052L, 81809026L, -64181056L, 1577091388L, 
-215263088L, 1603957282L, -981832184L, -48469748L, -1682687332L, 
-876972526L, 153453952L, -365017580L, 1460895272L, 566654266L, 
631760848L, -1138908564L, 1420316468L, 1853278866L, -1289180832L, 
1975736652L, -641482784L, 1826236322L, 220377000L, 2077512588L, 
267204284L, 1771985778L, -1523074832L, 1035792452L, -1672843944L, 
-854956998L, -795600016L, -1104237508L, -524143852L, -608673342L, 
-1428012832L, 1313834876L, 1104987856L, -2059920253L, -854323836L, 
1847937970L, 1007400199L, -1528918191L, 2084675286L, -32741452L, 
-1119557691L, -1517398257L, -1023203960L, 1044459686L, 1058627667L, 
604932533L, -335528174L, 1329841376L, -726537911L, 1170002811L, 
1959456332L, 477183962L, -207536689L, 1186139033L, -14230610L, 
-421003076L, 522549549L, 99052247L, 1704579872L, 1258464382L, 
254667339L, 1367685197L, 485299834L, 658865848L, 477822049L, 
-2132431341L, -1297013708L, -1961072062L, -557375913L, -891644511L, 
-319162778L, -377694620L, 819320213L, -1081563457L, -1670840744L, 
422980214L, 468379267L, -1325655355L, 1729578978L, -1198271920L, 
-1121634439L, -806286165L, 1346348060L, 1787884362L, 1968304959L, 
2128715145L, 714876318L, -2035917748L, 1119301149L, 1542628263L, 
-1480448304L, -422643602L, 826371867L, 1141960829L, 822812266L, 
425705224L, -1608687695L, -1143629789L, 1736206628L, 1082383826L, 
-95199705L, 359491697L, -208978250L, 167154260L, -958910747L, 
283511535L, 23979560L, -1828973946L, 1350184115L, -75156971L, 
-642624398L, 1027018944L, -1858960087L, -1688675429L, 733088876L, 
749318266L, 1916713391L, 1719038137L, -1058430258L, 1135575068L, 
357266317L, 1177923063L, 1812480256L, 1227083614L, 828643371L, 
-1430530259L, 165043098L, 613841240L, 1069759681L, -1597166733L, 
746440852L, 943090978L, 202837047L, -1410022143L, -680695802L, 
-1677681084L, 1792829301L, -211748129L, -1431812552L, 869783062L, 
492800547L, 1112155621L, 148995074L, -1304650128L, 730057753L, 
1896934923L, -37114628L, -1050853078L, 2083231583L, -1467328791L, 
1370527230L, -1355568660L, -1817145027L, 674922759L, -1036545808L, 
-992678770L, 884344507L, 872568477L, 1981870666L, 1336701032L, 
-1787019183L, 749646659L, 1787106884L, 39757042L, 1612316871L, 
-315010415L, -131240938L, -752257420L, -1995566843L, 1616719695L, 
-1486853816L, -1621281562L, -1550964205L, -1356223115L, -1284484782L, 
1946909088L, 230568073L, -1343711045L, -439790836L, -2051312998L, 
